3,0.0018627643585205078
6,0.005905866622924805
11,0.018616199493408203
19,0.029870986938476562
28,0.05678200721740723
39,0.08981657028198242
50,0.17243075370788574
59,0.21202492713928223
70,0.25405287742614746
79,0.2920987606048584
89,0.33325910568237305
100,0.3699150085449219
114,0.4136385917663574
133,0.4826619625091553
156,0.5785713195800781
175,0.6738815307617188
200,0.7911710739135742
227,0.9102494716644287
254,1.0356330871582031
280,1.2141218185424805
314,1.3772144317626953
351,1.588127851486206
384,1.8322741985321045
412,2.069697141647339
442,2.284156322479248
468,2.4833695888519287
496,2.6739823818206787
524,2.8919997215270996
552,3.089280128479004
578,3.321342945098877
603,3.5182301998138428
626,3.7092347145080566
654,3.9301862716674805
686,4.166682243347168
720,4.445873498916626
750,4.775682687759399
786,5.117705821990967
817,5.4301841259002686
846,5.7576634883880615
878,6.067344903945923
913,6.469342231750488
948,6.8327796459198
981,7.216008186340332
1016,7.626160144805908
1048,8.051777124404907
1074,8.426517486572266
1099,8.765258073806763
1130,9.130437135696411
1159,9.535988807678223
1188,9.947791576385498
1221,10.449938535690308
1254,10.90868616104126
1280,11.341612815856934
1302,11.774842023849487
1327,12.11244249343872
1355,12.489533424377441
1381,12.925464391708374
1407,13.320632934570312
1438,13.760620355606079
1474,14.312156915664673
1505,14.895761489868164
1538,15.38596224784851
1566,15.97623348236084
1589,16.494120597839355
1611,16.98199200630188
1636,17.4162437915802
1660,17.873774528503418
1683,18.32130455970764
1704,18.717719793319702
1723,19.185561656951904
1742,19.631911993026733
1758,20.008213996887207
1774,20.38309645652771
1794,20.709136962890625
1816,21.122554779052734
1840,21.56348729133606
1867,22.217240810394287
1893,22.758240222930908
1915,23.259018182754517
1940,23.828011989593506
1969,24.369632482528687
2000,25.08328914642334
2037,25.78986120223999
2072,26.560205698013306
2112,27.368057250976562
2150,28.275264739990234
2186,29.35945153236389
2224,30.368218660354614
2257,31.25286054611206
2291,32.1281054019928
2329,32.99999499320984
2367,33.94299912452698
2408,35.22352600097656
2445,36.242682456970215
2481,37.24998331069946
2514,38.22376751899719
2541,39.020867347717285
2566,39.86694955825806
2594,40.77645492553711
2618,41.747182846069336
2644,42.47614932060242
2668,43.16125988960266
2685,43.81031513214111
2706,44.36294150352478
2726,45.08053398132324
2747,45.666189432144165
2773,46.30920934677124
2798,47.14115238189697
2822,47.85598921775818
2848,48.67028546333313
2875,49.572386264801025
2905,50.52863311767578
2932,51.35263681411743
2964,52.397841930389404
2992,53.42048525810242
3020,54.33947229385376
3051,55.29538321495056
3077,56.19750928878784
3106,57.08065319061279
3140,58.07465171813965
3176,59.17185878753662
3209,60.40169548988342
3248,61.5463650226593
3292,62.869717836380005
3337,64.33221745491028
3373,65.8251633644104
3410,67.00246596336365
3448,68.27447867393494
3489,69.79933786392212
3530,71.29666805267334
3574,73.15229415893555
3611,75.01573967933655
3649,76.36252784729004
3683,77.85053205490112
3715,79.3317039012909
3741,80.68875169754028
3769,81.88740134239197
3796,82.98371195793152
3825,84.11488962173462
3855,85.47769618034363
3888,86.67065334320068
3922,88.28130388259888
3957,89.5771427154541
3994,91.25060224533081
4026,92.9907398223877
4056,94.29591369628906
4084,95.63365745544434
4110,97.02837109565735
4136,98.35079717636108
4163,99.5495593547821
4193,100.9751627445221
4223,102.25937581062317
4251,103.72898197174072
4274,104.7159640789032
4307,106.01296472549438
4337,107.4227774143219
4369,108.84158873558044
4394,110.2350206375122
4423,111.48863172531128
4446,112.65668153762817
4467,113.73264145851135
4491,114.86765837669373
4512,115.92911529541016
4538,117.14129853248596
4565,118.27534937858582
4591,119.75024843215942
4610,120.84143447875977
4633,122.03056192398071
4651,123.05130338668823
4675,124.23966026306152
4703,125.47773051261902
4725,126.7564799785614
4751,128.034099817276
4777,129.35174870491028
4806,130.61811566352844
4838,132.07290744781494
4868,133.78027081489563
4900,135.36611342430115
4932,137.11249136924744
4967,139.03587317466736
4998,140.73388648033142
5030,142.63108849525452
5058,144.2545473575592
5080,145.84040355682373
5105,147.00368475914001
5133,148.4276945590973
5164,149.9289321899414
5200,151.79204893112183
5238,153.90618586540222
5270,155.77854585647583
5302,157.32956051826477
5340,159.4068944454193
5377,161.78583598136902
5405,163.6748526096344
5435,165.54592776298523
5462,167.06047797203064
5492,168.8151307106018
5527,170.7505748271942
5556,172.70893216133118
5582,174.3600730895996
5613,176.11031651496887
5644,177.67600750923157
5673,179.4882094860077
5703,181.3381450176239
5734,182.95707082748413
5768,185.19253659248352
5801,186.96999979019165
5840,189.3800232410431
5877,191.70110273361206
5907,193.76559472084045
5939,195.5436110496521
5971,197.53840136528015
5999,199.50623536109924
6026,201.4555323123932
6050,203.06865096092224
6074,204.8056240081787
6099,206.2356400489807
6124,207.94162774085999
6154,209.6802396774292
6188,211.41686844825745
6227,213.77289247512817
6261,216.41730046272278
6292,219.1126959323883
6318,221.01599264144897
6344,222.7921257019043
6369,225.05819463729858
6386,226.59245610237122
6408,227.90577340126038
6430,229.36877965927124
6451,230.8472261428833
6477,232.50691199302673
6507,234.1344451904297
6538,236.2172863483429
6577,238.8312909603119
6610,241.4132797718048
6643,243.5767297744751
6679,245.94214534759521
6710,248.07844710350037
6748,250.28957843780518
6784,253.08729338645935
6826,255.7600073814392
6860,259.04105281829834
6893,261.9695611000061
6930,264.29951071739197
6966,266.8830327987671
7002,269.5650339126587
7032,271.90689301490784
7066,274.0206105709076
7110,276.6160066127777
7148,279.5544533729553
7185,282.49770426750183
7225,285.3499391078949
7268,288.78923749923706
7310,292.2038857936859
7349,295.150985956192
7385,297.9710304737091
7421,300.94649720191956
7453,303.75118374824524
7481,306.2489356994629
7508,308.6834759712219
7536,310.87524676322937
7571,313.0523796081543
7607,315.52659368515015
7641,318.4794809818268
7673,321.5139582157135
7705,324.1185562610626
7741,326.5044481754303
7772,329.456906080246
7796,331.9520254135132
7821,334.3890075683594
7849,336.739382982254
7879,339.53614807128906
7905,342.21858763694763
7933,344.0961310863495
7959,346.49442648887634
7991,348.8265905380249
8025,351.58484840393066
8056,354.0776934623718
8088,356.8062219619751
8127,359.640695810318
8165,362.7566018104553
8200,366.38195967674255
8233,369.20469427108765
8262,371.8520200252533
8290,374.31887435913086
8319,377.0465168952942
8351,379.6035325527191
8383,382.5582845211029
8414,385.3776285648346
8449,388.38726592063904
8481,391.3729612827301
8507,393.96642684936523
8536,396.6825213432312
8561,398.8820824623108
8592,401.6366329193115
8623,404.45362639427185
8654,407.1482174396515
8689,409.8976500034332
8721,413.0316119194031
8761,416.2058811187744
8793,419.88545656204224
8829,423.4330451488495
8865,426.4616713523865
8897,429.879763841629
8922,433.0655381679535
8947,435.8021664619446
8971,438.07856607437134
8992,440.4293248653412
9020,442.53738260269165
9044,444.86101174354553
9071,447.61895513534546
9099,450.6052906513214
9126,453.12319135665894
9158,456.1058340072632
9186,458.980176448822
9210,461.3564760684967
9230,463.51538276672363
9255,465.7263813018799
9288,468.373254776001
9322,471.6545844078064
9359,474.97949838638306
9408,478.5391869544983
9463,483.6164016723633
9512,488.713303565979
9549,493.327011346817
9583,497.6747875213623
9617,501.29730200767517
9656,505.4266264438629
9687,509.03202986717224
9723,512.2673342227936
9751,515.8726131916046
9774,519.4097049236298
9795,521.7248637676239
9813,523.7904024124146
9833,526.4311554431915
9860,529.1853692531586
9882,531.627245426178
9909,534.6083283424377
9940,537.5293521881104
9980,541.0522334575653
10018,545.0500032901764
10049,549.0527381896973
10081,552.7089071273804
10107,556.1030540466309
10131,558.962165594101
10158,561.8404471874237
10182,564.6464211940765
10200,567.7617166042328
10221,569.9783117771149
10246,572.2860195636749
10276,575.0935955047607
10304,578.2383584976196
10327,581.3992919921875
10355,584.3651311397552
10383,587.3129689693451
10417,590.362651348114
10451,593.8419008255005
10481,597.6560716629028
10512,600.9239864349365
10541,604.7519149780273
10571,607.9088001251221
10601,611.4515056610107
10630,614.7937090396881
10658,618.070081949234
10690,621.7146286964417
10724,625.4146592617035
10753,629.2590353488922
10776,632.2692964076996
10808,635.4851229190826
10836,639.0458829402924
10867,642.6479244232178
10899,646.0555398464203
10928,649.6662909984589
10959,653.4119982719421
10995,657.5500671863556
11029,661.4146511554718
11066,665.2705855369568
11105,669.6061449050903
11141,674.5261523723602
11177,679.111362695694
11208,683.515722990036
11229,688.0404760837555
11249,690.7088000774384
11271,693.8603572845459
11292,696.5490500926971
11315,699.4206326007843
11341,702.3720915317535
11366,705.0431833267212
11395,708.7596771717072
11424,712.5083394050598
11449,716.1801228523254
11482,719.5965039730072
11514,723.870600938797
11541,727.2320547103882
11569,730.201159954071
11591,733.0794439315796
11618,736.3893971443176
11642,739.4399263858795
11665,742.0139698982239
11689,745.2763650417328
11711,748.3737192153931
11738,751.6951251029968
11771,755.5569760799408
11797,759.2174174785614
11826,762.8957509994507
11860,766.7558169364929
11897,771.2799439430237
11938,775.9883778095245
11978,781.1551141738892
12019,785.685763835907
12064,790.4899787902832
12105,795.6355993747711
12141,800.5272517204285
12180,805.8332135677338
12215,811.3753502368927
12245,815.6701326370239
12267,819.5140616893768
12295,823.1676950454712
12323,827.5308015346527
12352,831.3290877342224
12381,835.1252672672272
12412,839.0109262466431
12444,843.460159778595
12478,848.5906858444214
12509,852.744705915451
12538,856.5448367595673
12565,860.9215545654297
12588,864.1842255592346
12610,867.0471169948578
12636,870.3492193222046
12661,873.6734962463379
12693,877.3326983451843
12722,881.1103403568268
12755,885.2393238544464
12785,888.8931107521057
12816,893.2149436473846
12847,897.7052807807922
12875,901.467173576355
12909,905.3374865055084
12946,909.9654998779297
12983,914.863543510437
13021,920.8665637969971
13062,925.6523220539093
13097,931.8421256542206
13130,936.0533580780029
13167,940.8809442520142
13204,946.5345418453217
13235,951.1247189044952
13269,955.617892742157
13304,960.1254143714905
13341,965.241236448288
13381,970.8320980072021
13412,976.2871615886688
13443,980.4425230026245
13467,983.9490854740143
13490,988.8177137374878
13511,991.9431903362274
13532,995.0302708148956
13546,997.6221516132355
13562,1000.3448207378387
13578,1002.5806570053101
13599,1004.9854915142059
13619,1007.8677661418915
13643,1011.2670748233795
13667,1014.6414003372192
13697,1018.2574598789215
13727,1022.8647322654724
13759,1027.8142623901367
13791,1032.4047996997833
13823,1037.2108044624329
13855,1041.5975923538208
13894,1046.9525475502014
13928,1051.9087636470795
13965,1057.2066552639008
14002,1061.9379889965057
14034,1068.1059942245483
14068,1073.7258470058441
14097,1078.2694427967072
14127,1083.1112377643585
14153,1087.4438195228577
14184,1091.9485108852386
14213,1096.531090259552
14240,1100.776142835617
14271,1105.3439297676086
14309,1110.5100412368774
14346,1117.2682597637177
14377,1123.0316791534424
14407,1128.220726966858
14437,1133.396638393402
14467,1138.2695553302765
14497,1142.3800117969513
14528,1147.0812339782715
14565,1152.8123936653137
14598,1158.631514787674
14632,1163.4561593532562
14662,1169.491975069046
14697,1174.994616985321
14732,1180.2846024036407
14768,1186.242014169693
14804,1191.5714211463928
14838,1197.2629842758179
14879,1202.971376657486
14916,1209.5380730628967
14941,1215.3997876644135
14958,1219.6393706798553
14974,1222.524852514267
14992,1225.5680847167969
15011,1229.1412880420685
15029,1232.2219433784485
15047,1235.179298877716
15069,1238.400241613388
15091,1242.538895368576
15113,1246.1330218315125
15134,1249.839066028595
15162,1253.4083902835846
15187,1257.2420299053192
15214,1261.153489112854
15250,1266.4831318855286
15284,1271.9412055015564
15319,1277.3126673698425
15358,1283.0412385463715
15395,1289.8161191940308
15430,1295.8397676944733
15464,1301.9871814250946
15501,1307.9837322235107
15532,1313.5738880634308
15561,1319.6348328590393
15583,1323.5986008644104
15601,1327.8597145080566
15617,1330.5439953804016
15634,1333.7884554862976
15656,1337.3230621814728
15675,1341.0305151939392
15700,1344.366980791092
15730,1348.8983278274536
15758,1354.478168964386
15781,1359.120350599289
15808,1363.586948633194
15837,1367.3181900978088
15875,1372.943263053894
15911,1379.4605686664581
15950,1386.1545672416687
15987,1391.6392979621887
16025,1398.1409311294556
16065,1405.6703462600708
16109,1412.7241961956024
16155,1420.178662776947
16196,1428.1405429840088
16235,1434.8218386173248
16273,1442.156417608261
16309,1448.5025098323822
16340,1454.552541255951
16361,1460.415787935257
16379,1463.9664990901947
16403,1467.5082578659058
16423,1470.9180934429169
16451,1474.8437588214874
16480,1480.2900893688202
16509,1485.1973476409912
16543,1490.385432958603
16582,1497.4905979633331
16618,1503.6228384971619
16647,1508.7239344120026
16673,1514.4708361625671
16700,1519.3286237716675
16723,1524.1955041885376
16744,1528.5265867710114
16770,1533.2923119068146
16799,1538.2373995780945
16828,1543.6482779979706
16849,1548.4465634822845
16873,1553.4445185661316
16901,1557.8950667381287
16930,1562.83718085289
16954,1568.7058033943176
16975,1573.045017004013
17005,1576.8982524871826
17032,1581.865526676178
17059,1586.6853520870209
17086,1591.3585250377655
17113,1596.750156402588
17139,1601.380181312561
17173,1606.8734731674194
17208,1612.7704961299896
17248,1618.9229493141174
17285,1625.9404718875885
17323,1633.9854984283447
17357,1640.3657443523407
17390,1646.4257698059082
17422,1652.4643294811249
17449,1657.243433713913
17475,1662.7828168869019
17502,1668.0845246315002
17526,1672.653908252716
17552,1677.8904831409454
17574,1682.6145470142365
17605,1687.7132546901703
17636,1694.0077667236328
17670,1700.1889164447784
17700,1706.2437915802002
17727,1711.4921617507935
17753,1716.6850938796997
17779,1721.3165774345398
17806,1726.6712365150452
17832,1731.5133700370789
17856,1736.4749464988708
17883,1741.4542872905731
17911,1747.0135939121246
17947,1753.2784843444824
17977,1759.8412709236145
18002,1765.1189181804657
18025,1769.7862021923065
18054,1774.6220366954803
18085,1780.4977605342865
18115,1786.1100742816925
18140,1792.2419612407684
18163,1797.2661838531494
18189,1801.2997601032257
18215,1806.203536748886
18245,1812.2057344913483
18272,1818.2871534824371
18306,1823.858357667923
18343,1830.7759311199188
18392,1838.0643434524536
18446,1847.7875351905823
18500,1859.1482002735138
18550,1869.4712738990784
18601,1879.3584682941437
18647,1888.9041018486023
18686,1897.495555639267
18725,1905.4587757587433
18760,1912.1745858192444
18793,1918.662274837494
18817,1925.465573310852
18838,1929.8400683403015
18861,1934.0960462093353
18887,1938.526804447174
18922,1945.2514986991882
18957,1952.257348060608
18990,1959.2650558948517
19021,1966.1398227214813
19049,1972.411009311676
19075,1978.9112725257874
19099,1984.487476348877
19123,1989.1874282360077
19147,1995.3063390254974
19174,1999.9114043712616
19204,2006.4624922275543
19233,2012.950433254242
19261,2018.776148557663
19292,2024.8148453235626
19322,2031.8285496234894
19353,2037.5526430606842
19386,2044.276018857956
19420,2051.352527618408
19453,2058.231756210327
19487,2065.2897579669952
19517,2071.2878255844116
19545,2077.711492538452
19575,2083.5632226467133
19598,2089.9216690063477
19628,2095.5952990055084
19654,2101.6898357868195
19681,2107.463983774185
19710,2113.5187590122223
19748,2119.807589530945
19776,2126.641113758087
19809,2133.292897939682
